MEMO001 79781 251960 19.8529 2.63435
MEMO002 5717 32099 2.5292 0.0949283
MEMO003 94370 121299 9.5576 2.9372
MEMO004 124826 1881 0.148211 3.67991
MEMO005 103489 684649 53.946 6.29009
MEMO006 22075 143310 11.2919 0.820803
MEMO007 39572 321597 25.3398 1.58346
MEMO008 118609 372245 29.3306 4.482
MEMO010 38889 499386 39.3485 2.23099
MEMO011 3034 15258 1.20223 0.0501538
MEMO012 53989 485434 38.2491 2.8423
MEMO013 93446 212159 16.7168 3.0406
MEMO014 84617 340729 26.8473 3.17329
MEMO015 115837 399698 31.4937 5.32676
MEMO016 19977 104732 8.25222 0.591562
MEMO017 35742 55137 4.34445 1.67042
MEMO018 41676 9127 0.71915 1.21754
MEMO019 86748 438534 34.5537 3.41218
MEMO021 9944 19675 1.55027 0.241683
MEMO022 80523 417749 32.916 3.36834
MEMO023 11853 9885 0.778876 0.333947
MEMO024 174902 787623 62.0597 12.9434
MEMO025 53829 501257 39.4959 3.43439
MEMO026 164492 720012 56.7324 10.337
MEMO027 63789 491712 38.7438 3.16281
MEMO028 8244 32236 2.53999 0.166564
MEMO029 40530 483351 38.085 2.05379
MEMO030 23400 267459 21.0741 0.879589
MEMO031 61125 494188 38.9389 2.98427
MEMO032 13092 100826 7.94445 0.335979
MEMO033 7828 31651 2.4939 0.215047
MEMO034 5261 35876 2.8268 0.0953601
MEMO035 6585 17083 1.34603 0.176539
MEMO036 60546 271541 21.3957 2.1589
MEMO037 111308 595440 46.9169 5.54243
MEMO038 89787 299595 23.6062 3.09425
MEMO039 128338 634163 49.968 6.96688
MEMO040 36629 454879 35.8416 2.01997
MEMO041 79243 655562 51.6542 5.0396
MEMO042 504 461 0.0363239 0.0149385
MEMO043 31186 423106 33.3381 1.92388
MEMO044 6736 35271 2.77913 0.115527
MEMO045 2527 12772 1.00635 0.0461235
MEMO047 33318 158640 12.4998 1.55524
MEMO048 107069 303897 23.9452 6.25613
MEMO049 46135 380107 29.95 2.19138
MEMO050 213207 767187 60.4495 13.384
MEMO051 52287 502423 39.5878 2.60268
MEMO052 10564 129078 10.1705 0.27512
MEMO053 105251 635517 50.0747 6.34719
MEMO054 115278 665478 52.4355 7.56692
MEMO055 101614 630484 49.6782 6.05272
MEMO056 17125 321670 25.3456 0.759231
MEMO057 28805 473666 37.3219 1.76246
MEMO058 35591 14215 1.12005 1.08632
MEMO059 85933 560134 44.135 4.51475
MEMO060 27906 123754 9.75104 0.962474
MEMO061 98113 91011 7.17109 2.96184
MEMO062 122502 208708 16.4449 3.89014
MEMO063 44457 122066 9.61803 1.39105
MEMO064 28729 144993 11.4245 0.990114
MEMO065 56402 444853 35.0516 2.53847
MEMO066 53007 388311 30.5965 2.57374
MEMO067 68158 35605 2.80545 1.95474
MEMO068 16279 43866 3.45636 0.5861
MEMO069 92594 103052 8.11985 2.92875
MEMO070 85767 594693 46.8581 4.74097
MEMO071 154878 762054 60.0451 9.73359
MEMO072 18688 100048 7.88315 0.592314
MEMO073 62430 643900 50.7353 3.69652
MEMO074 14353 111892 8.81638 0.316558
MEMO075 9549 40847 3.21849 0.198903
MEMO077 17808 55151 4.34555 0.543952
MEMO078 47013 376679 29.6799 1.86657
MEMO079 21968 31203 2.4586 0.689387
MEMO080 34335 55395 4.36478 1.00721
MEMO081 107496 24786 1.95298 3.15505
MEMO082 60298 570017 44.9137 3.24737
MEMO083 42664 539786 42.5317 2.35505
MEMO084 9253 56465 4.44909 0.166128
MEMO085 77083 677726 53.4005 4.78686
MEMO086 32078 162623 12.8137 0.970755
MEMO087 308260 665256 52.418 12.7927
MEMO088 19256 84203 6.63467 0.422117
MEMO089 101180 299813 23.6234 3.38406
MEMO090 29231 211076 16.6315 1.16508
MEMO091 73477 82234 6.47952 3.37478
MEMO092 36112 257044 20.2534 1.52617
MEMO093 37566 581008 45.7798 2.19316
MEMO094 14776 221839 17.4795 0.542994
MEMO095 37378 479313 37.7668 2.00695
MEMO096 33834 448467 35.3364 1.69567
MEMO097 29288 501986 39.5533 1.6273
MEMO098 11562 104093 8.20187 0.25127
MEMO099 37055 370080 29.16 1.99372
MEMO100 83855 259063 20.4125 3.96351
MEMO101 83242 239124 18.8415 5.52011
MEMO102 8905 7899 0.622391 0.250932
MEMO103 26509 406511 32.0305 1.40355
MEMO104 63811 438390 34.5424 2.88117
MEMO105 64800 533415 42.0297 3.70445
MEMO106 57824 386436 30.4487 2.49871
MEMO107 24337 9744 0.767766 0.678675
MEMO108 307107 816793 64.3581 20.7182
MEMO109 42075 469555 36.998 2.0469
MEMO110 16886 185331 14.6029 0.525944
MEMO111 7080 33596 2.64715 0.114132
MEMO112 5996 34230 2.69711 0.111312
MEMO113 6194 33012 2.60114 0.0965688
MEMO115 15625 20978 1.65293 0.393173
MEMO116 21030 30043 2.3672 0.487352
MEMO117 9585 9612 0.757365 0.260714
MEMO118 29301 14125 1.11296 0.842969
MEMO119 86920 594965 46.8795 4.56033
MEMO120 18063 21139 1.66562 0.572714
MEMO121 76107 579687 45.6757 3.44504
MEMO122 17729 118112 9.30648 0.479976
MEMO123 7910 36171 2.85005 0.192067
MEMO124 7537 34332 2.70515 0.205046
MEMO125 58352 331085 26.0874 2.3111
MEMO126 106841 577699 45.519 5.29426
MEMO127 777303 835412 65.8252 54.7201
MEMO128 128734 717664 56.5474 8.07145
MEMO129 518425 821405 64.7215 37.3308
MEMO130 87860 636213 50.1296 4.95619
MEMO131 117673 225574 17.7738 4.73342
MEMO132 42546 24516 1.93171 1.10785
MEMO133 77439 639738 50.4073 4.38567
MEMO134 125894 717352 56.5228 8.09113
MEMO135 25161 36494 2.8755 0.787889
MEMO136 16696 128648 10.1367 0.489217
MEMO137 35219 389269 30.6719 1.68673
MEMO138 74379 142389 11.2194 2.67236
MEMO139 70958 300709 23.694 2.87069
MEMO140 82438 439057 34.5949 3.83587
MEMO141 113491 519750 40.953 4.48919
MEMO142 32529 222351 17.5199 1.35643
MEMO143 104108 666854 52.5439 6.22585
MEMO144 23775 116061 9.14488 0.906354
MEMO145 19513 50900 4.0106 0.566276
MEMO146 22197 251752 19.8365 0.890136
MEMO147 21026 91663 7.22247 0.628865
MEMO148 11378 19571 1.54207 0.321297
MEMO149 87170 660305 52.0279 5.5755
NEMO01 47946 81900 6.4532 1.49976
NEMO02 18420 184133 14.5085 0.700404
NEMO03 180969 739463 58.265 11.7967
NEMO04 60152 74707 5.88644 1.83876
NEMO05 66474 34529 2.72067 2.01562
NEMO06 58790 246293 19.4063 2.06458
NEMO07 25539 24381 1.92107 0.752258
NEMO08 44551 97454 7.67876 1.41807
NEMO09 79625 6880 0.542101 2.39738
NEMO10 39134 10023 0.789749 1.13648
NEMO11 160109 272591 21.4785 5.0397
NEMO12 19014 11201 0.882568 0.49404
NEMO13 60694 359187 28.3017 2.19502
NEMO14 50053 128648 10.1367 1.47158
NEMO15 249962 465129 36.6492 8.63994
NEMO16 93258 485881 38.2844 3.88506
NEMO17 57503 11493 0.905576 1.68369
NEMO18 45737 341920 26.9411 1.92239
NEMO19 21354 99012 7.80152 0.65237
NEMO20 18793 167739 13.2168 0.511146
NEMO21 45379 326054 25.691 1.8425
NEMO22 58404 434126 34.2064 2.52749
NEMO23 119723 526529 41.4872 5.25299
NEMO24 20803 1009 0.0795028 0.63126
NEMO25 120376 208776 16.4502 3.88238
NEMO26 157737 13875 1.09326 4.72308
NEMO27 130539 183314 14.444 4.11863
NEMO28 135254 552872 43.5628 5.67665
NEMO29 101200 197163 15.5352 3.22648
NEMO30 25400 190054 14.9751 0.930682
NEMO31 22746 240177 18.9244 0.842696
NEMO32 136699 651139 51.3057 7.1237
NEMO33 237037 716359 56.4446 13.8561
NEMO34 231021 139516 10.993 7.0586
NEMO35 71408 337876 26.6225 2.41303
NEMO36 17380 90569 7.13627 0.404392
NEMO37 180747 535864 42.2227 7.3489
NEMO38 59868 215525 16.982 2.04702
NEMO40 322579 592580 46.6916 11.7043
NEMO41 17304 21730 1.71219 0.523676
NEMO42 27772 362876 28.5923 1.27121
NEMO43 21494 298118 23.4898 1.03774
NEMO44 53959 549417 43.2906 2.86383
NEMO45 72148 470645 37.0839 3.13701
NEMO46 59323 451381 35.566 2.63058
NEMO47 4584 24113 1.89995 0.168188
NEMO48 37934 282806 22.2833 1.55933
NEMO49 22317 55071 4.33925 0.671335
NEMO50 23089 137307 10.8189 0.854184
NEMO51 63503 384185 30.2714 2.5389
NEMO52 92309 318353 25.0842 3.25099
NEMO53 61814 532202 41.9342 2.99655
NEMO54 35099 72806 5.73665 0.899638
