MEMO001 90733 621158 41.9006 2.93323
MEMO002 7139 38113 2.57094 0.100168
MEMO003 98571 302746 20.4219 2.76834
MEMO004 124843 2278 0.153664 3.1507
MEMO005 179143 1336251 90.1377 11.1204
MEMO006 32637 374116 25.2362 1.06065
MEMO007 54308 735592 49.6199 2.26911
MEMO008 134829 823911 55.5775 5.03047
MEMO010 65022 1055370 71.1907 3.74817
MEMO011 3265 19585 1.32112 0.0455623
MEMO012 75584 1013442 68.3624 4.12305
MEMO013 100556 526586 35.5212 3.10739
MEMO014 105395 809583 54.611 3.92417
MEMO015 133884 884682 59.6768 5.8924
MEMO016 24301 243431 16.4208 0.698029
MEMO017 33915 92316 6.22724 1.29675
MEMO018 41900 10719 0.723057 1.04545
MEMO019 112345 966909 65.2235 4.65933
MEMO021 10729 23535 1.58757 0.216927
MEMO022 97144 904807 61.0344 4.21698
MEMO023 11951 11709 0.789838 0.287231
MEMO024 282281 1430743 96.5117 21.2705
MEMO025 82683 1022396 68.9664 5.27556
MEMO026 248397 1377596 92.9267 16.1538
MEMO027 90432 1020111 68.8123 4.81752
MEMO028 9491 37720 2.54443 0.158306
MEMO029 66865 1025761 69.1934 3.61835
MEMO030 33847 575916 38.8488 1.38767
MEMO031 82341 1023689 69.0536 4.41116
MEMO032 16733 191906 12.9451 0.420407
MEMO033 8616 35894 2.42125 0.19075
MEMO034 6064 48305 3.25845 0.0991619
MEMO035 7194 19902 1.3425 0.160236
MEMO036 78784 664143 44.8002 2.69152
MEMO037 156516 1190007 80.2727 8.36857
MEMO038 102472 709810 47.8807 3.47049
MEMO039 185835 1254084 84.5951 10.4963
MEMO040 54812 945593 63.7856 3.24914
MEMO041 126300 1311158 88.445 8.40829
MEMO042 512 702 0.0473539 0.0128995
MEMO043 50763 881194 59.4415 3.29586
MEMO044 7732 45188 3.04819 0.116919
MEMO045 3025 15214 1.02627 0.0465883
MEMO047 38891 355247 23.9634 1.64386
MEMO048 111838 659583 44.4926 5.75724
MEMO049 58093 800007 53.965 2.83298
MEMO050 335384 1425747 96.1747 20.9931
MEMO051 81883 1068966 72.1078 4.22077
MEMO052 14008 252868 17.0574 0.400834
MEMO053 152977 1249484 84.2848 9.47834
MEMO054 162079 1280056 86.347 10.7744
MEMO055 141371 1247799 84.1711 8.51902
MEMO056 28069 736774 49.6996 1.389
MEMO057 47569 996615 67.2273 3.03926
MEMO058 35984 16754 1.13015 0.938652
MEMO059 132099 1149975 77.5723 7.28677
MEMO060 30780 251377 16.9568 1.00098
MEMO061 100281 201792 13.612 2.66566
MEMO062 129327 496430 33.487 3.78276
MEMO063 48191 285296 19.2448 1.40514
MEMO064 34310 324897 21.9161 1.12389
MEMO065 76480 945098 63.7522 3.6436
MEMO066 75916 881822 59.4839 3.62646
MEMO067 69312 62713 4.23035 1.71027
MEMO068 23352 110944 7.4838 0.629763
MEMO069 95706 249886 16.8562 2.70964
MEMO070 136317 1229201 82.9166 7.61572
MEMO071 257874 1422811 95.9767 16.3733
MEMO072 21446 225819 15.2328 0.658002
MEMO073 110354 1292138 87.162 6.64479
MEMO074 17843 197611 13.33 0.390415
MEMO075 11315 57254 3.86211 0.202787
MEMO077 18889 84245 5.6828 0.496487
MEMO078 60667 817058 55.1152 2.59336
MEMO079 22591 55054 3.7137 0.618226
MEMO080 35282 105815 7.13782 0.919084
MEMO081 108339 29639 1.99932 2.71264
MEMO082 98561 1144257 77.1866 5.50517
MEMO083 71532 1131186 76.3049 4.22233
MEMO084 11352 82900 5.59208 0.18914
MEMO085 141183 1350793 91.1187 8.84766
MEMO086 35125 329292 22.2126 1.05247
MEMO087 398365 1309637 88.3424 17.4185
MEMO088 23406 158199 10.6714 0.490958
MEMO089 113559 647949 43.7078 3.71495
MEMO090 38135 488376 32.9437 1.49287
MEMO091 75621 173949 11.7338 2.97112
MEMO092 46850 599146 40.4158 1.9482
MEMO093 60819 1173735 79.1751 3.77309
MEMO094 22357 484719 32.697 0.894837
MEMO095 63889 1016690 68.5815 3.5912
MEMO096 61173 1004741 67.7755 3.26328
MEMO097 49183 1039827 70.1422 2.84588
MEMO098 16237 201414 13.5865 0.368128
MEMO099 55409 815359 55.0006 2.89029
MEMO100 96751 621344 41.9132 4.15505
MEMO101 91118 537312 36.2447 5.27583
MEMO102 8990 9057 0.610946 0.215909
MEMO103 45990 896172 60.4519 2.52266
MEMO104 90859 960256 64.7747 4.31002
MEMO105 102724 1117373 75.3731 5.96117
MEMO106 75876 864656 58.326 3.37644
MEMO107 24655 11823 0.797528 0.585606
MEMO108 469546 1460072 98.4901 31.3909
MEMO109 66452 1016681 68.5809 3.33347
MEMO110 24174 412503 27.8257 0.818683
MEMO111 7957 39767 2.68251 0.108693
MEMO112 11764 58529 3.94811 0.16852
MEMO113 6479 39775 2.68305 0.0863385
MEMO115 15970 25327 1.70845 0.340986
MEMO116 20896 37247 2.51252 0.415498
MEMO117 9705 11624 0.784105 0.224801
MEMO118 29585 17188 1.15943 0.725405
MEMO119 115705 1220560 82.3337 6.37121
MEMO120 18643 24952 1.68315 0.500508
MEMO121 102940 1187063 80.0741 5.07429
MEMO122 21863 212690 14.3471 0.55459
MEMO123 9024 51723 3.48901 0.189888
MEMO124 8691 62123 4.19055 0.213088
MEMO125 79221 780394 52.642 3.05346
MEMO126 158435 1197226 80.7597 8.23864
MEMO127 1412883 1453999 98.0805 97.1815
MEMO128 206982 1368844 92.3363 13.251
MEMO129 847188 1451758 97.9293 60.0681
MEMO130 135274 1253244 84.5384 7.9853
MEMO131 125101 514306 34.6929 4.54434
MEMO132 43413 29892 2.01638 0.961001
MEMO133 123253 1269602 85.6419 7.31821
MEMO134 222893 1378068 92.9585 14.2768
MEMO135 26407 75051 5.06262 0.716833
MEMO136 20595 246507 16.6283 0.588864
MEMO137 54278 863645 58.2578 2.73217
MEMO138 79327 317176 21.3953 2.56518
MEMO139 81692 668388 45.0866 3.19315
MEMO140 108093 1002864 67.6489 5.04795
MEMO141 145303 1105058 74.5424 6.04745
MEMO142 38780 480115 32.3865 1.55032
MEMO143 148546 1302134 87.8363 9.34835
MEMO144 27276 222431 15.0042 0.926353
MEMO145 20952 56086 3.78332 0.50664
MEMO146 29712 532826 35.9421 1.21965
MEMO147 24735 170142 11.477 0.662661
MEMO148 12078 24561 1.65678 0.287019
MEMO149 158564 1330106 89.7232 10.24
NEMO01 49915 181485 12.2422 1.40656
NEMO02 23563 416994 28.1286 0.947869
NEMO03 314374 1391730 93.8801 20.5858
NEMO04 61953 174843 11.7942 1.69272
NEMO05 67417 77830 5.25008 1.77635
NEMO06 63713 559718 37.7562 2.28832
NEMO07 26514 39231 2.64635 0.667034
NEMO08 47542 203820 13.7488 1.35489
NEMO09 79819 8160 0.550438 2.0551
NEMO10 39435 12329 0.831661 0.977164
NEMO11 168966 627553 42.332 4.9763
NEMO12 19227 13238 0.892978 0.426034
NEMO13 68054 765060 51.6076 2.68525
NEMO14 53687 238806 16.1088 1.41913
NEMO15 275285 964216 65.0418 9.29182
NEMO16 115451 973604 65.6751 5.10928
NEMO17 57887 15231 1.02742 1.44693
NEMO18 56811 716301 48.3186 2.46321
NEMO19 23660 169290 11.4196 0.654548
NEMO20 23936 326249 22.0073 0.692247
NEMO21 60092 721895 48.6959 2.58869
NEMO22 79269 951701 64.1976 3.66441
NEMO23 161268 1096667 73.9764 7.53005
NEMO24 20842 1376 0.092819 0.540906
NEMO25 126815 485736 32.7656 3.77376
NEMO26 158331 16853 1.13683 4.05178
NEMO27 136123 424279 28.62 3.91519
NEMO28 175069 1179943 79.5938 7.85146
NEMO29 106537 426115 28.7439 3.10557
NEMO30 36868 468991 31.6361 1.26269
NEMO31 33125 539865 36.417 1.27744
NEMO32 201932 1283124 86.554 11.1993
NEMO33 355750 1362585 91.9141 21.6098
NEMO34 234676 293990 19.8313 6.26682
NEMO35 82028 683535 46.1083 2.84382
NEMO36 21340 154538 10.4245 0.460096
NEMO37 217542 1120074 75.5553 9.22223
NEMO38 63031 505687 34.1115 2.18658
NEMO40 362994 1209982 81.6202 13.1912
NEMO41 17838 38069 2.56797 0.469425
NEMO42 44162 810097 54.6456 2.18131
NEMO43 30380 626267 42.2453 1.59088
NEMO44 90679 1130792 76.2783 5.03225
NEMO45 89441 958799 64.6764 4.18929
NEMO46 88496 966322 65.1839 3.95908
NEMO47 5010 53648 3.61886 0.17527
NEMO48 56979 662456 44.6864 2.21163
NEMO49 23738 121884 8.22177 0.650667
NEMO50 26531 337287 22.7519 1.00278
NEMO51 80114 852667 57.5172 3.37904
NEMO52 103180 722389 48.7292 3.62776
NEMO53 92862 1093595 73.7692 4.93509
NEMO54 37758 100468 6.77714 0.82398
